0	0.71
1	0.373
2	1.35
3	1.442
4	0.67
5	0.579
6	1.431
7	0.511
8	0.421
9	0.351
10	1.463
11	0.513
12	0.86
13	1.14
14	1.65
15	0.644
16	0.354
17	0.532
18	3.72
19	0.71
20	0.349
21	0.711
22	0.35
23	0.804
24	1.199
25	0.549
26	0.913
27	0.695
28	0.859
29	0.423
30	0.346
31	0.337
32	0.805
33	0.758
34	0.729
35	0.642
36	1.083
37	0.577
38	0.893
39	4.179
40	0.605
41	0.793
42	1.665
43	1.114
44	0.347
45	0.343
46	0.625
47	0.559
48	1.298
49	0.481
50	0.352
51	0.655
52	0.79
53	0.454
54	1.302
55	0.969
56	0.5
57	1.643
58	1.002
59	0.733
60	0.833
61	0.35
62	0.738
63	0.602
64	0.442
65	0.509
66	1.398
67	0.844
68	1.376
69	1.375
70	0.841
71	0.725
72	1.478
73	0.501
74	1.027
75	1.376
76	0.763
77	0.615
78	0.352
79	0.731
80	1.205
81	1.476
82	0.591
83	0.979
84	1.596
85	1.8
86	2.043
87	1.847
88	1.602
89	0.747
90	0.772
91	1.278
92	0.669
93	0.944
94	1.539
95	0.849
96	0.458
97	0.897
98	1.209
99	1.139
100	0.799
101	0.928
102	0.718
103	0.903
104	0.524
105	0.967
106	1.059
107	1.045
108	1.045
109	7.804
110	0.607
111	0.361
112	0.528
113	0.345
114	0.443
115	0.555
116	0.825
117	0.439
118	0.336
119	0.548
120	0.651
121	1.107
122	1.375
123	0.896
124	0.488
125	1.018
126	0.876
127	1.359
128	0.353
129	0.594
130	0.757
131	1.003
132	1.329
133	1.612
134	1.737
135	0.867
136	0.568
137	0.875
138	1.121
139	1.644
140	0.808
141	0.863
142	0.636
143	1.36
144	0.377
145	0.634
146	1.133
147	0.658
148	0.788
149	0.537
150	0.458
151	1.496
152	0.793
153	1.616
154	0.898
155	1.58
156	0.438
157	0.344
158	0.818
159	0.982
160	0.383
161	0.665
162	0.913
163	1.136
164	0.397
165	0.377
166	1.023
167	1.079
168	5.928
169	2.196
170	1.381
171	1.383
172	1.239
173	1.084
174	2.99
175	1.041
176	0.895
177	1.1
178	0.357
179	0.736
180	5.074
181	0.681
182	0.652
183	0.347
184	1.134
185	0.95
186	0.772
187	0.586
188	0.623
189	0.525
190	2.006
191	1.513
192	1.434
193	0.688
194	1.343
195	2.059
196	1.185
197	1.454
198	1.004
199	0.75
200	0.351
201	0.753
202	1.774
203	1.269
204	1.106
205	0.799
206	0.469
207	0.545
208	0.345
209	0.747
210	0.495
211	0.546
212	0.353
213	0.338
214	0.541
215	1.366
216	0.762
217	6.239
218	1.095
219	0.507
220	1.776
221	0.82
222	0.602
223	0.708
224	1.173
225	2.811
226	1.54
227	0.512
228	0.45
229	0.699
230	0.569
231	0.4
232	0.337
233	0.591
234	0.76
235	6.308
236	1.245
237	0.723
238	1.035
239	0.64
240	1.75
241	0.66
242	0.425
243	0.97
244	0.652
245	0.658
246	0.895
247	0.549
248	1.21
249	0.922
250	1.053
251	0.356
252	0.554
253	0.585
254	1.716
255	1.25
256	1.125
257	0.844
258	0.631
259	0.401
260	1.078
261	0.682
262	0.391
263	0.826
264	1.42
265	0.492
266	1.168
267	0.43
268	0.89
269	1.338
270	0.485
271	0.672
272	0.991
273	0.487
274	1.273
275	1.851
276	1.074
277	1.192
278	1.254
279	0.679
280	0.687
281	0.812
282	0.523
283	1.19
284	1.397
285	0.711
286	0.501
287	0.973
288	0.795
289	0.556
290	1.194
291	1.019
292	1.596
293	1
294	0.767
295	1.253
296	0.553
297	0.675
298	0.761
299	0.871
300	1.634
301	1.116
302	0.6
303	1.479
304	0.565
305	0.345
306	0.337
307	1.469
308	0.997
309	0.715
310	0.354
311	0.8
312	0.687
313	0.615
314	0.633
315	1.932
316	2.919
317	0.472
318	0.666
319	0.893
320	0.638
321	0.852
322	0.378
323	0.37
324	0.342
325	0.682
326	0.646
327	0.59
328	0.608
329	0.343
330	0.613
331	0.342
332	0.53
333	1.275
334	0.781
335	1.402
336	0.698
337	0.436
338	0.511
339	0.418
340	0.846
341	0.428
342	0.691
343	0.622
344	0.378
345	0.351
346	0.616
347	0.91
348	0.555
349	0.705
350	0.398
351	1.352
352	0.505
353	0.638
354	0.72
355	0.412
356	0.766
357	1.1
358	0.488
359	0.596
360	0.334
361	0.51
362	0.438
363	0.736
364	0.464
365	0.749
366	0.758
367	1.641
368	0.671
369	0.826
370	1.338
371	0.342
372	0.587
373	0.442
374	0.537
375	0.647
376	0.821
377	1.282
378	0.817
379	0.895
380	0.464
381	2.071
382	0.41
383	1.475
384	0.912
385	0.474
386	2.22
387	0.942
388	0.707
389	0.346
390	0.816
391	0.63
392	0.738
393	0.648
394	0.659
395	0.357
396	1.091
397	0.841
398	0.636
399	0.569
400	0.413
401	0.375
402	0.551
403	0.764
404	0.625
405	0.348
406	0.748
407	1.116
408	0.892
409	0.557
410	0.764
411	0.891
412	0.579
413	0.942
414	1.291
415	0.562
416	0.723
417	0.481
418	0.323
419	0.75
420	0.653
421	1.573
422	1.086
423	0.364
424	0.549
425	0.551
426	0.324
427	0.755
428	0.32
429	0.32
430	0.474
431	0.908
432	0.609
433	0.376
434	1.16
435	1.065
436	0.405
437	0.54
438	1.555
439	0.516
440	0.346
441	0.782
442	0.838
443	0.331
444	1.03
445	1.971
446	1.258
447	2.643
448	1.055
449	0.807
450	0.418
451	0.796
452	1.045
453	0.372
454	0.885
455	0.574
456	0.545
457	1.352
458	2.028
459	0.65
460	1.246
461	0.364
462	2.06
463	0.979
464	0.996
465	1.446
466	1.089
467	3.829
468	0.958
469	0.612
470	0.653
471	1.085
472	0.846
473	0.806
474	0.344
475	0.814
476	0.989
477	0.436
478	1.061
479	1.595
480	0.939
481	0.62
482	0.412
483	0.518
484	0.341
485	0.519
486	1.479
487	1.043
488	0.988
489	0.522
490	0.75
491	1.155
492	1.518
493	0.628
494	0.348
495	0.627
496	0.342
497	0.335
498	0.336
499	1.761
500	0.874
501	0.66
502	0.348
503	0.339
504	0.342
505	0.34
506	0.338
507	0.769
508	1.506
509	1.238
510	0.832
511	0.348
512	1.151
513	11.802
514	0.841
515	1.108
516	1.206
517	0.889
518	0.534
519	1.587
520	6.379
521	0.726
522	0.503
523	1.297
524	1.443
525	1.301
526	1.437
527	2.123
528	2.029
529	0.894
530	0.535
531	0.554
532	0.461
533	5.587
534	1.263
535	0.924
536	0.646
537	1.578
538	2.183
539	1.988
540	0.844
541	0.394
542	0.889
543	0.345
544	0.82
545	0.638
546	0.349
547	0.602
548	0.383
549	0.828
550	0.678
551	1.017
552	0.348
553	0.644
554	0.58
555	0.825
556	0.967
557	0.489
558	2.092
559	0.861
560	0.679
561	1.035
562	0.729
563	0.898
564	1.313
565	0.771
566	1.565
567	0.976
568	0.425
569	0.375
570	6.261
571	1.009
572	1.05
573	0.378
574	0.821
575	0.373
576	0.358
577	0.726
578	0.504
579	0.512
580	0.337
581	1.466
582	1.237
583	0.696
584	0.829
585	0.352
586	0.342
587	0.338
588	0.552
589	2.353
590	6.437
591	0.811
592	0.774
593	1.84
594	2.028
595	1.1
596	0.875
597	1.193
598	0.5
599	0.549
600	0.39
601	0.978
602	1.5
603	0.377
604	0.516
605	0.612
606	0.548
607	0.904
608	5.558
609	1.219
610	2.2
611	0.976
612	0.873
613	0.873
614	0.355
615	0.625
616	0.528
617	0.4
618	1.115
619	1.216
620	0.56
621	0.347
622	0.352
623	0.621
624	0.708
625	0.337
626	0.761
627	0.335
628	1.105
629	0.492
630	0.692
631	0.442
632	0.624
633	0.39
634	1.208
635	0.606
636	1.886
637	1.348
638	1.486
639	2.2
640	0.798
641	0.561
642	1.449
643	1.202
644	1.044
645	0.924
646	0.408
647	1.111
648	1.367
649	1.007
650	0.679
651	0.572
652	1.359
653	1.049
654	1.652
655	6.015
656	1.077
657	1.326
658	0.466
659	1.217
660	1.5
661	0.612
662	0.366
663	1.012
664	0.766
665	0.428
666	0.472
667	0.513
668	0.784
669	0.339
670	0.544
671	0.338
672	1.034
673	0.957
674	0.608
675	0.659
676	1.398
677	0.386
678	0.804
679	1.993
680	0.966
681	1.412
682	0.712
683	0.395
684	2.008
685	1.067
686	0.769
687	0.394
688	0.49
689	0.57
690	0.852
691	0.532
692	0.33
693	0.955
694	1.076
695	0.612
696	0.381
697	0.346
698	0.633
699	0.464
700	0.962
701	0.348
702	0.399
703	0.464
704	0.615
705	0.536
706	9.936
707	2.862
708	0.393
709	0.373
710	0.726
711	0.349
712	0.676
713	0.338
714	0.417
715	1.156
716	1.58
717	1.286
718	0.623
719	1.098
720	1.19
721	0.959
722	0.349
723	0.402
724	0.502
725	0.343
726	0.339
727	0.563
728	0.504
729	0.506
730	0.491
731	0.653
732	1.555
733	4.766
734	1.516
735	0.778
736	1.979
737	2.061
738	4.473
739	1.036
740	0.591
741	0.535
742	0.711
743	0.342
744	0.526
745	0.623
746	0.34
747	0.332
748	0.822
749	1.116
750	0.815
751	2.717
752	2.164
753	0.492
754	1.027
755	1.39
756	0.545
757	0.362
758	0.969
759	0.353
760	0.777
761	1.44
762	1.027
763	1.235
764	0.558
765	1.104
766	0.784
767	0.352
768	0.349
769	0.758
770	0.55
771	0.578
772	1.021
773	0.676
774	1.009
775	1.936
776	1.223
777	6.254
778	0.674
779	0.894
780	0.674
781	0.892
782	0.367
783	0.34
784	0.821
785	0.662
786	0.363
787	0.951
788	0.985
789	0.417
790	0.446
791	0.979
792	0.531
793	1.075
794	0.72
795	0.431
796	1.4
797	1.825
798	1.484
799	0.708
800	0.873
801	0.345
802	0.825
803	0.884
804	0.366
805	0.639
806	1.356
807	1.126
808	0.528
809	1.196
810	0.571
811	1.001
812	0.999
813	0.732
814	0.346
815	0.335
816	0.67
817	1.118
818	1.161
819	1.746
820	1.614
821	0.767
822	1.096
823	1.721
824	1.586
825	0.437
826	0.618
827	0.726
828	0.348
829	0.427
830	0.619
831	0.504
832	0.954
833	0.346
834	6.417
835	3.089
836	2.522
837	0.957
838	0.906
839	0.859
840	0.346
841	0.34
842	1.116
843	1.152
844	1.088
845	1.609
846	4.498
847	1.049
848	0.881
849	0.732
850	0.67
851	0.347
852	0.753
853	0.554
854	0.717
855	0.43
856	1.332
857	0.637
858	0.405
859	0.768
860	1.151
861	0.964
862	0.907
863	1.613
864	0.873
865	0.934
866	1.127
867	0.696
868	1.249
869	0.991
870	1.095
871	0.967
872	0.752
873	1.156
874	0.668
875	1.2
876	0.36
877	0.335
878	0.913
879	0.92
880	0.882
881	0.418
882	0.347
883	1.413
884	0.633
885	0.914
886	1.371
887	1
888	1.295
889	0.869
890	1.554
891	1.236
892	0.449
893	1.05
894	0.437
895	0.39
896	0.383
897	0.776
898	1.467
899	0.953
900	0.752
901	0.974
902	0.385
903	1.601
904	0.473
905	0.924
906	0.946
907	2.134
908	1.817
909	0.377
910	0.569
911	0.403
912	0.815
913	0.538
914	0.338
915	0.619
916	1.2
917	0.724
918	0.665
919	0.412
920	0.368
921	0.696
922	0.531
923	0.351
924	0.595
925	0.344
926	1.365
927	1.156
928	0.61
929	0.392
930	0.382
931	0.554
932	1.565
933	0.787
934	0.688
935	0.975
936	0.375
937	0.855
938	1.379
939	0.474
940	0.519
941	0.604
942	0.854
943	1.458
944	2.023
945	0.757
946	0.387
947	0.911
948	0.497
949	0.467
950	0.461
951	0.543
952	1.095
953	0.968
954	0.901
955	0.72
956	1.457
957	0.989
958	0.847
959	0.888
960	0.586
961	0.505
962	1.703
963	1.138
964	0.632
965	0.343
966	0.628
967	0.617
968	0.835
969	0.687
970	0.977
971	0.62
972	0.415
973	0.387
974	1.972
975	1.05
976	2.314
977	1.465
978	1.944
979	0.387
980	1.834
981	0.761
982	0.61
983	1.253
984	0.671
985	0.424
986	0.514
987	0.891
988	0.946
989	1.002
990	1.26
991	1.412
992	0.607
993	0.669
994	0.435
995	0.962
996	0.713
997	0.671
998	0.594
999	0.593
1000	1.378
1001	1.846
1002	0.802
1003	0.667
1004	1.02
1005	0.799
1006	1.234
1007	2.048
1008	1.687
1009	0.767
1010	0.658
1011	0.852
1012	0.768
1013	0.358
1014	0.344
1015	0.481
1016	0.7
1017	0.468
1018	0.339
1019	0.331
1020	0.388
1021	0.726
1022	1.315
1023	1.556
1024	0.581
1025	1.05
1026	1.334
1027	0.753
1028	1.282
1029	0.977
1030	1.327
1031	1.609
1032	1.104
1033	0.554
1034	1.104
1035	0.965
1036	0.95
1037	2.138
1038	1.207
1039	0.798
1040	0.728
1041	1.142
1042	0.82
1043	0.735
1044	0.632
1045	0.543
1046	0.951
1047	0.76
1048	0.876
1049	0.77
1050	1.658
1051	2.049
1052	1.929
1053	0.7
1054	0.825
1055	1.473
1056	10.795
1057	1.55
1058	3.451
1059	3.622
1060	7.071
1061	2.295
1062	0.842
1063	0.655
1064	1.228
1065	0.67
1066	0.683
1067	0.82
1068	0.91
1069	0.354
1070	0.485
1071	0.529
1072	0.78
1073	0.753
1074	2.189
1075	1.47
1076	1.107
1077	0.804
1078	0.777
1079	0.67
1080	0.543
1081	1.005
1082	0.685
1083	0.8
1084	1.278
1085	0.599
1086	0.352
1087	0.699
1088	0.767
1089	0.343
1090	1.22
1091	0.843
1092	0.513
1093	0.482
1094	1.291
1095	0.765
1096	0.734
1097	0.671
1098	0.42
1099	1.929
1100	0.564
1101	1.519
1102	1.746
1103	2.293
1104	0.657
1105	0.392
1106	1.046
1107	0.716
1108	0.562
1109	1.354
1110	1.493
1111	0.712
1112	0.359
1113	0.46
1114	0.675
1115	1.033
1116	1.159
1117	0.805
1118	0.9
1119	0.347
1120	0.334
1121	1.119
1122	0.85
1123	0.696
1124	0.887
1125	0.341
1126	0.487
1127	1.77
1128	1.32
1129	0.93
1130	1.161
1131	2.057
1132	3.929
1133	0.401
1134	0.381
1135	0.639
1136	0.382
1137	0.369
1138	0.481
1139	1.488
1140	1.224
1141	0.382
1142	0.938
1143	0.608
1144	0.551
1145	0.53
1146	1.135
1147	1.192
1148	0.949
1149	0.563
1150	1.623
1151	0.583
1152	2.578
1153	1.265
1154	1.34
1155	0.879
1156	1.035
1157	0.79
1158	0.672
1159	0.675
1160	1.085
1161	1.109
1162	0.713
1163	0.819
1164	0.914
1165	1.313
1166	0.622
1167	0.396
1168	0.386
1169	0.875
1170	0.654
1171	0.69
1172	7.346
1173	1.92
1174	0.784
1175	0.619
1176	2.648
1177	1.265
1178	1.155
1179	1.626
1180	0.718
1181	1.043
1182	1.407
1183	6.022
1184	1.068
1185	0.455
1186	1.282
1187	0.656
1188	0.518
1189	1.106
1190	0.661
1191	1.021
1192	1.083
1193	1.603
1194	2.547
1195	0.773
1196	1.05
1197	1.107
1198	9.604
1199	0.879
1200	1.203
1201	0.56
1202	0.475
1203	0.752
1204	0.836
1205	1.413
1206	1.463
1207	0.71
1208	1.161
1209	1.35
1210	1.688
1211	3.993
1212	0.845
1213	0.825
1214	0.683
1215	0.408
1216	0.892
1217	0.672
1218	0.715
1219	0.95
1220	0.993
1221	0.515
1222	0.42
1223	0.668
1224	0.637
1225	0.491
1226	0.383
1227	0.816
1228	0.583
1229	1.518
1230	2.203
1231	0.822
1232	0.758
1233	0.538
1234	1.389
1235	0.777
1236	0.684
1237	0.705
1238	0.394
1239	0.369
1240	0.37
1241	0.716
1242	1.178
1243	0.803
1244	0.515
1245	0.425
1246	1.163
1247	0.388
1248	1.345
1249	1.269
1250	0.464
1251	0.61
1252	0.453
1253	0.383
1254	0.805
1255	0.39
1256	0.803
1257	0.771
1258	0.973
1259	0.508
1260	1.063
1261	4.642
1262	1.18
1263	1.475
1264	1.156
1265	0.993
1266	0.493
1267	0.369
1268	1.456
1269	1.289
1270	1.475
1271	1.236
1272	0.659
1273	0.505
1274	1.257
1275	1.227
1276	0.363
1277	0.562
1278	0.501
1279	1.536
1280	1.132
1281	0.963
1282	2.017
1283	0.815
1284	0.689
1285	1.673
1286	0.511
1287	0.39
1288	0.681
1289	0.723
1290	0.432
1291	1.416
1292	1.109
1293	0.548
1294	0.509
1295	0.903
1296	0.398
1297	0.334
1298	0.657
1299	0.325
1300	0.35
1301	0.483
1302	1.334
1303	1.043
1304	1.178
1305	1.111
1306	3.184
1307	2.095
1308	1.376
1309	0.69
1310	0.523
1311	0.347
1312	0.429
1313	1.473
1314	0.694
1315	1.091
1316	2.315
1317	1.092
1318	0.694
1319	1.17
1320	0.783
1321	0.361
1322	0.373
1323	0.358
1324	0.332
1325	0.493
1326	0.342
1327	0.496
1328	0.901
1329	0.621
1330	0.479
1331	0.348
1332	1.152
1333	3.684
1334	1.217
1335	0.773
1336	0.638
1337	0.758
1338	0.622
1339	0.467
1340	0.333
1341	0.572
1342	0.457
1343	0.616
1344	0.586
1345	1.028
1346	0.481
1347	0.736
1348	0.456
1349	1.571
1350	1.2
1351	0.674
1352	1.347
1353	2.07
1354	0.963
1355	0.616
1356	0.445
1357	1.297
1358	0.5
1359	1.343
1360	1.004
1361	1.057
1362	0.954
1363	1.455
1364	1.486
1365	0.367
1366	0.709
1367	1.2
1368	0.8
1369	0.734
1370	1.151
1371	0.388
1372	2.018
1373	2
1374	0.698
1375	0.859
1376	1.215
1377	1.965
1378	0.711
1379	0.353
1380	0.732
1381	0.34
1382	0.547
1383	0.334
1384	1.572
1385	1.11
1386	1.246
1387	0.746
1388	1.11
1389	1.644
1390	0.49
1391	0.948
1392	0.638
1393	0.566
1394	0.917
1395	1.439
1396	1.914
1397	1.162
1398	1.4
1399	0.387
1400	0.709
1401	0.761
1402	0.351
1403	1.105
1404	1.419
1405	1.309
1406	0.755
1407	0.809
1408	0.641
1409	0.545
1410	0.568
1411	0.57
1412	0.62
1413	1.167
1414	0.876
1415	0.483
1416	0.805
1417	0.417
1418	0.415
1419	7.531
1420	1.16
1421	0.659
1422	1.674
1423	0.949
1424	0.994
1425	1.133
1426	0.35
1427	0.806
1428	0.825
1429	1.25
1430	0.78
1431	0.811
1432	0.448
1433	1.118
1434	0.348
1435	1.66
1436	1.152
1437	0.487
1438	0.505
1439	0.419
1440	0.44
1441	1.067
1442	0.879
1443	2.373
1444	1.442
1445	1.088
1446	1.171
1447	0.389
1448	0.599
1449	0.644
1450	0.968
1451	1.347
1452	1.111
1453	0.708
1454	0.333
1455	0.325
1456	0.47
1457	0.853
1458	0.333
1459	0.988
1460	0.726
1461	0.781
1462	0.583
1463	0.406
1464	0.9
1465	1.144
1466	1.325
1467	1.205
1468	0.674
1469	1.371
1470	0.69
1471	0.588
1472	0.794
1473	0.435
1474	1.212
1475	0.868
1476	0.509
1477	0.965
1478	0.632
1479	1.29
1480	0.868
1481	0.985
1482	0.366
1483	1.381
1484	1.394
1485	1.019
1486	0.494
1487	0.926
1488	0.896
1489	0.411
1490	0.843
1491	0.531
1492	0.407
1493	0.957
1494	0.548
1495	0.661
1496	0.933
1497	0.845
1498	0.488
1499	1.23
1500	0.729
1501	0.929
1502	1.114
1503	0.35
1504	0.705
1505	0.568
1506	0.432
1507	1.114
1508	0.759
1509	0.503
1510	1.729
1511	1.492
1512	0.765
1513	0.803
1514	1.975
1515	1.513
1516	0.424
1517	0.864
1518	0.978
1519	1.497
1520	0.582
1521	0.859
1522	1.654
1523	1.361
1524	1.519
1525	1.035
1526	1.106
1527	0.438
1528	0.979
1529	1.189
1530	1.807
1531	1.412
1532	1.219
1533	2.748
1534	2.02
1535	0.811
1536	0.382
1537	0.84
1538	5.129
1539	2.076
1540	0.496
1541	1.126
1542	0.697
1543	0.428
1544	1.902
1545	0.808
1546	3.54
1547	1.918
1548	2.024
1549	1.874
1550	1.049
1551	1.163
1552	0.526
1553	0.726
1554	0.809
1555	0.378
1556	0.494
1557	0.89
1558	0.441
1559	0.825
1560	1.361
1561	0.703
1562	0.352
1563	0.345
1564	0.338
1565	0.62
1566	0.342
1567	0.501
1568	0.751
1569	1.155
1570	1.058
1571	1.46
1572	1.516
1573	0.737
1574	0.579
1575	0.35
1576	0.951
1577	0.485
1578	1.05
1579	2.111
1580	7.113
1581	2.908
1582	2.715
1583	1.737
1584	1.809
1585	1.14
1586	2.993
1587	0.716
1588	0.723
1589	1.74
1590	1.426
1591	1.768
1592	0.447
1593	0.369
1594	0.983
1595	0.47
1596	1.723
1597	1.461
1598	0.859
1599	0.915
1600	0.575
1601	0.708
1602	0.495
1603	1.111
1604	0.745
1605	0.61
1606	0.418
1607	1.592
1608	4.262
1609	2.331
1610	0.686
1611	0.751
1612	0.827
1613	0.497
1614	0.366
1615	0.359
1616	0.363
1617	0.674
1618	1.26
1619	0.497
1620	0.497
1621	0.478
1622	0.945
1623	1.484
1624	0.81
1625	0.589
1626	0.625
1627	0.458
1628	0.549
1629	0.342
1630	1.185
1631	1.858
1632	1.023
1633	1.565
1634	2.962
1635	2.082
1636	1.011
1637	0.415
1638	0.344
1639	0.706
1640	0.51
1641	0.341
1642	1.057
1643	0.54
1644	1.587
1645	1.534
1646	1.453
1647	0.389
1648	0.829
1649	0.351
1650	0.527
1651	1.003
1652	1.201
1653	0.901
1654	0.434
1655	0.845
1656	2.049
1657	0.788
1658	0.669
1659	0.801
1660	1.348
1661	2.007
1662	1.43
1663	0.953
1664	0.346
1665	0.341
1666	0.341
1667	0.338
1668	0.336
1669	0.457
1670	0.675
1671	0.339
1672	0.335
1673	0.76
1674	0.651
1675	0.432
1676	0.814
1677	0.352
1678	0.462
1679	0.692
1680	0.342
1681	0.593
1682	1.027
1683	1.438
1684	0.381
1685	1.55
1686	1.072
1687	1.102
1688	2.713
1689	1.394
1690	0.395
1691	0.345
1692	0.341
1693	0.518
1694	0.338
1695	0.735
1696	1.032
1697	0.899
1698	0.898
1699	0.774
1700	1.701
1701	2.46
1702	1.587
1703	0.997
1704	0.864
1705	0.799
1706	0.361
1707	0.637
1708	1.081
1709	1.419
1710	1.736
1711	2.853
1712	1.928
1713	0.818
1714	0.682
1715	1.365
1716	1.247
1717	0.801
1718	0.404
1719	0.478
1720	0.344
1721	0.336
1722	0.608
1723	0.802
1724	0.735
1725	0.503
1726	0.474
1727	0.471
1728	0.478
1729	0.732
1730	0.905
1731	0.801
1732	1.318
1733	2.111
1734	1.303
1735	0.679
1736	0.87
1737	0.769
1738	0.353
1739	0.919
1740	0.67
1741	0.391
1742	0.891
1743	0.628
1744	1.539
1745	1.856
1746	1.302
1747	0.854
1748	0.661
1749	0.439
1750	0.367
1751	0.364
1752	0.416
1753	0.424
1754	1.242
1755	0.846
1756	0.348
1757	1.26
1758	1.186
1759	2.308
1760	0.824
1761	2.015
1762	0.576
1763	0.483
1764	0.712
1765	0.955
1766	0.564
1767	0.576
1768	0.396
1769	2.294
1770	0.619
1771	0.837
1772	0.413
1773	0.346
1774	0.575
1775	0.556
1776	1.426
1777	1.099
1778	0.479
1779	1.171
1780	1.832
1781	1.329
1782	0.974
1783	0.974
1784	0.924
1785	0.705
1786	0.647
1787	1.455
1788	0.964
1789	0.374
1790	0.693
1791	0.339
1792	0.472
1793	0.81
1794	0.551
1795	1.4
1796	0.998
1797	0.504
1798	1.406
1799	0.671
1800	0.794
1801	0.389
1802	0.338
1803	0.388
1804	0.649
1805	0.336
1806	0.338
1807	0.561
1808	0.555
1809	0.363
1810	8.427
1811	1.205
1812	0.741
1813	1.632
1814	1.024
1815	0.63
1816	1.234
1817	0.946
1818	1.068
1819	0.391
1820	0.566
1821	0.349
1822	0.343
1823	0.906
1824	1.335
1825	5.133
1826	1.234
1827	0.669
1828	0.522
1829	1.725
1830	1.752
1831	0.801
1832	1.916
1833	2.491
1834	1.394
1835	2.269
1836	0.646
1837	1.005
1838	0.77
1839	0.348
1840	0.343
1841	0.341
1842	0.691
1843	0.334
1844	1.735
1845	0.474
1846	0.82
1847	0.602
1848	0.348
1849	0.333
1850	0.655
1851	2.201
1852	1.192
1853	1.078
1854	1.161
1855	1.292
1856	0.776
1857	0.739
1858	0.73
1859	0.349
1860	0.5
1861	0.349
1862	1.017
1863	0.343
1864	0.599
1865	0.391
1866	0.338
1867	0.338
1868	0.331
1869	0.337
1870	0.332
1871	0.333
1872	0.506
1873	0.339
1874	0.866
1875	0.88
1876	0.407
1877	1.019
1878	0.615
1879	0.608
1880	0.88
1881	1.157
1882	1.712
1883	0.739
1884	0.6
1885	4.857
1886	1.074
1887	0.902
1888	0.876
1889	0.982
1890	1.508
1891	0.637
1892	0.661
1893	0.714
1894	0.703
1895	0.776
1896	0.373
1897	1.359
1898	0.87
1899	1.376
1900	0.955
1901	0.557
1902	0.83
1903	7.204
1904	0.938
1905	1.663
1906	0.977
1907	1.216
1908	0.625
1909	0.36
1910	0.859
1911	0.407
1912	0.439
1913	0.336
1914	0.639
1915	0.604
1916	0.711
1917	1.806
1918	0.79
1919	0.844
1920	0.906
1921	0.342
1922	0.337
1923	0.963
1924	1.008
1925	0.888
1926	0.688
1927	0.501
1928	1.05
1929	1.279
1930	1.25
1931	0.374
1932	0.796
1933	1.227
1934	0.398
1935	1.421
1936	0.539
1937	0.357
1938	1.197
1939	0.896
1940	0.483
1941	1.641
1942	0.698
1943	0.621
1944	0.446
1945	0.384
1946	0.942
1947	0.788
1948	0.353
1949	1.122
1950	1.474
1951	0.949
1952	1.512
1953	2.876
1954	0.574
1955	0.763
1956	1.301
1957	0.502
1958	0.512
1959	0.327
1960	0.319
1961	0.467
1962	0.795
1963	1.829
1964	0.836
1965	0.999
1966	1.798
1967	0.968
1968	0.662
1969	0.86
1970	1.113
1971	0.957
1972	1.086
1973	0.583
1974	0.771
1975	1.366
1976	1.439
1977	2.274
1978	0.503
1979	0.353
1980	0.627
1981	0.97
1982	1.513
1983	0.785
1984	1.276
1985	0.369
1986	0.816
1987	1.286
1988	0.899
1989	0.367
1990	0.781
1991	0.448
1992	0.679
1993	0.394
1994	0.451
1995	0.344
1996	0.768
1997	0.741
1998	0.339
1999	0.896
2000	7.883
2001	1.672
2002	0.393
2003	0.352
2004	0.349
2005	0.61
2006	0.347
2007	0.565
2008	0.366
2009	0.927
2010	0.345
2011	0.335
2012	0.699
2013	0.595
2014	1.398
2015	0.798
2016	0.621
2017	1.414
2018	1.01
2019	0.584
2020	0.359
2021	0.641
2022	0.809
2023	0.674
2024	0.953
2025	1.141
2026	0.808
2027	1.698
2028	2.29
2029	1.613
2030	0.882
2031	0.505
2032	0.357
2033	0.348
2034	1.38
2035	0.857
2036	0.381
2037	0.864
2038	0.39
2039	0.343
2040	0.341
2041	0.877
2042	0.713
2043	0.731
2044	0.67
2045	0.351
2046	5.115
2047	0.871
2048	1.06
2049	0.956
2050	0.395
2051	0.351
2052	0.342
2053	0.338
2054	0.658
2055	1.001
2056	1.233
2057	1.582
2058	1.907
2059	0.973
2060	0.51
2061	0.601
2062	1.862
2063	1.138
2064	1.05
2065	0.786
2066	0.864
2067	0.438
2068	1.611
2069	2.322
2070	0.902
2071	0.355
2072	0.341
2073	0.537
2074	0.488
2075	0.431
2076	0.401
2077	0.376
2078	0.614
2079	0.336
2080	0.336
2081	0.33
2082	0.949
2083	0.713
2084	0.425
2085	0.368
2086	2.008
2087	1.41
2088	1.148
2089	0.829
2090	0.907
2091	0.883
2092	0.961
2093	0.44
2094	0.338
2095	0.454
2096	0.394
2097	0.341
2098	1.022
2099	0.534
2100	0.424
2101	0.507
2102	0.343
2103	0.338
2104	0.604
2105	0.822
2106	0.915
2107	1.568
2108	0.628
2109	0.396
2110	0.634
2111	0.676
2112	0.539
2113	1.701
2114	0.611
2115	0.376
2116	0.836
2117	0.797
2118	1.356
2119	0.739
2120	0.78
2121	0.362
2122	0.345
2123	0.748
2124	0.338
2125	0.368
2126	0.331
2127	0.506
2128	1.226
2129	0.483
2130	0.66
2131	0.652
2132	0.338
2133	0.398
2134	0.728
2135	0.765
2136	0.545
2137	0.355
2138	0.651
2139	1.984
2140	1.091
2141	1.206
2142	2.294
2143	0.519
2144	1.555
2145	0.375
2146	0.358
2147	0.368
2148	0.354
2149	0.53
2150	0.438
2151	0.482
2152	0.357
2153	0.515
2154	1.179
2155	0.628
2156	0.367
2157	0.558
2158	0.331
2159	0.327
2160	0.322
2161	7.018
2162	0.795
2163	0.949
2164	1.486
2165	0.585
2166	0.488
2167	0.953
2168	0.548
2169	0.431
2170	1.422
2171	1.069
2172	0.643
2173	0.348
2174	1.441
2175	1.014
2176	1.657
2177	5.004
2178	0.57
2179	2.153
2180	0.655
2181	2.704
2182	1.08
2183	1.325
2184	1.31
2185	0.573
2186	1.07
2187	0.803
2188	1.838
2189	2.014
2190	1.381
2191	0.574
2192	0.406
2193	1.095
2194	0.328
2195	1.109
2196	1.269
2197	0.858
2198	0.417
2199	2.203
2200	0.849
2201	0.53
2202	1.619
2203	0.78
2204	0.569
2205	0.843
2206	1.626
2207	1.213
2208	1.472
2209	0.821
2210	0.704
2211	0.708
2212	0.391
2213	0.716
2214	0.42
2215	0.498
2216	1.061
2217	0.62
2218	0.642
2219	1.459
2220	1.023
2221	0.349
2222	0.338
2223	0.565
2224	0.383
2225	0.407
2226	0.339
2227	0.341
2228	0.828
2229	0.706
2230	1.189
2231	1.377
2232	1.947
2233	1.436
2234	1.388
2235	0.621
2236	0.376
2237	0.339
2238	0.658
2239	0.336
2240	0.563
2241	0.832
2242	1.175
2243	0.925
2244	1.021
2245	0.35
2246	0.766
2247	0.781
2248	1.47
2249	0.635
2250	0.758
2251	1.568
2252	0.984
2253	0.881
2254	0.348
2255	1.211
2256	1.229
2257	0.738
2258	1.222
2259	0.63
2260	0.523
2261	0.351
2262	0.479
2263	0.601
2264	0.352
2265	0.491
2266	0.76
2267	1.371
2268	0.536
2269	0.385
2270	0.71
2271	0.526
2272	0.776
2273	0.467
2274	0.525
2275	0.543
2276	0.794
2277	1.518
2278	1.317
2279	0.893
2280	0.618
2281	0.379
2282	0.364
2283	0.959
2284	0.425
2285	0.336
2286	1.647
2287	0.461
2288	0.988
2289	0.354
2290	0.34
2291	0.582
2292	0.656
2293	0.777
2294	0.969
2295	0.476
2296	0.401
2297	0.395
2298	0.753
2299	1.094
2300	1.196
2301	0.918
2302	1.072
2303	0.867
2304	0.752
2305	0.39
2306	0.909
2307	0.923
2308	1.175
2309	0.673
2310	0.648
2311	0.383
2312	0.55
2313	0.686
2314	0.348
2315	0.431
2316	0.729
2317	1.716
2318	1.96
2319	0.727
2320	1.958
2321	1.067
2322	2.371
2323	0.784
2324	0.695
2325	0.348
2326	0.344
2327	0.525
2328	0.521
2329	0.343
2330	0.448
2331	1.073
2332	0.582
2333	1.101
2334	1.396
2335	1.09
2336	1.653
2337	0.63
2338	0.855
2339	0.39
2340	0.34
2341	0.482
2342	0.34
2343	0.561
2344	0.562
2345	0.97
2346	1.033
2347	0.57
2348	1.24
2349	1.191
2350	0.858
2351	0.958
2352	0.396
2353	0.345
2354	0.578
2355	0.336
2356	0.829
2357	0.851
2358	0.585
2359	0.459
2360	0.906
2361	0.352
2362	0.567
2363	0.341
2364	0.522
2365	0.94
2366	0.916
2367	0.381
2368	0.363
2369	0.898
2370	0.351
2371	0.344
2372	0.322
2373	0.335
2374	0.739
2375	0.324
2376	0.6
2377	0.661
2378	2.066
2379	1.611
2380	2.196
2381	2.601
2382	0.64
2383	1.784
2384	1.048
2385	0.734
2386	0.738
2387	6.654
2388	1.308
2389	0.61
2390	1.581
2391	0.723
2392	1.005
2393	1.382
2394	2.042
2395	0.952
2396	0.663
2397	0.632
2398	0.622
2399	0.601
2400	1.586
2401	0.813
2402	0.81
2403	1.259
2404	1.934
2405	1.759
2406	0.624
2407	0.935
2408	0.685
2409	0.471
2410	0.789
2411	0.505
2412	0.898
2413	0.459
2414	0.55
2415	0.371
2416	1.195
2417	0.78
2418	0.669
2419	0.832
2420	0.561
2421	0.538
2422	1.68
2423	1.374
2424	0.419
2425	0.631
2426	0.643
2427	1.013
2428	0.494
2429	1.926
2430	0.822
2431	0.601
2432	1.029
2433	0.785
2434	1.826
2435	1.337
2436	0.725
2437	0.814
2438	2.5
2439	0.733
2440	1.677
2441	0.696
2442	0.58
2443	1.198
2444	0.523
2445	0.516
2446	0.805
2447	0.569
2448	0.548
2449	0.957
2450	0.827
2451	0.9
2452	0.398
2453	0.375
2454	0.367
2455	1.416
2456	0.813
2457	1.219
2458	0.583
2459	0.65
2460	0.589
2461	0.832
2462	0.842
2463	0.409
2464	0.577
2465	1.358
2466	0.934
2467	0.875
2468	0.901
2469	0.384
2470	0.371
2471	0.371
2472	0.362
2473	0.815
2474	0.942
2475	1.042
2476	0.716
2477	0.624
2478	0.588
2479	1.995
2480	0.479
2481	1.484
2482	0.903
2483	0.825
2484	1.6
2485	0.697
2486	1.258
2487	0.506
2488	0.493
2489	0.989
2490	1.084
2491	1.921
2492	0.937
2493	0.822
2494	0.355
2495	0.339
2496	0.398
2497	0.485
2498	0.525
2499	0.323
2500	0.546
2501	0.322
2502	0.703
2503	0.353
2504	1.018
2505	0.845
2506	3.235
2507	0.946
2508	0.853
2509	2.186
2510	1.05
2511	0.621
2512	1.91
2513	1.914
2514	1.599
2515	1.139
2516	0.496
2517	0.435
2518	0.658
2519	0.814
2520	8.102
2521	0.918
2522	0.447
2523	1.058
2524	0.351
2525	0.71
2526	0.712
2527	0.488
2528	0.343
2529	0.761
2530	0.659
2531	0.395
2532	1.051
2533	0.725
2534	0.816
2535	0.384
2536	0.965
2537	1.162
2538	1.123
2539	0.842
2540	0.38
2541	1.336
2542	0.453
2543	0.364
2544	0.852
2545	3.988
2546	0.752
2547	1.599
2548	0.706
2549	0.6
2550	0.838
2551	0.597
2552	0.969
2553	1.067
2554	4.676
2555	1.512
2556	1.002
2557	0.36
2558	0.345
2559	0.883
2560	0.342
2561	1.924
2562	1.075
2563	4.958
2564	2.136
2565	0.818
2566	0.627
2567	0.712
2568	0.348
2569	0.337
2570	5.303
2571	0.954
2572	0.798
2573	0.444
2574	0.402
2575	1.534
2576	0.6
2577	0.538
2578	1.358
2579	1.309
2580	1.379
2581	1.616
2582	0.393
2583	0.964
2584	0.64
2585	1.277
2586	9.108
2587	2.104
2588	0.48
2589	0.356
2590	1.391
2591	0.789
2592	0.377
2593	0.439
2594	0.341
2595	0.402
2596	0.336
2597	0.655
2598	0.419
2599	0.332
2600	0.332
2601	0.334
2602	0.512
2603	0.745
2604	0.52
2605	1.337
2606	1.259
2607	0.604
2608	1.067
2609	0.642
2610	0.479
2611	0.497
2612	0.834
2613	0.736
2614	0.452
2615	0.823
2616	0.778
2617	1.003
2618	0.457
2619	1.24
2620	0.735
2621	0.341
2622	0.495
2623	0.351
2624	0.405
2625	0.339
2626	0.582
2627	0.665
2628	0.423
2629	1.298
2630	0.794
2631	0.733
2632	1.018
2633	1.348
2634	0.352
2635	0.779
2636	1.026
2637	0.356
2638	0.784
2639	0.348
2640	0.815
2641	0.345
2642	0.491
2643	1.293
2644	0.72
2645	0.621
2646	0.983
2647	0.443
2648	0.841
2649	0.574
2650	1.378
2651	1.025
2652	1.054
2653	0.903
2654	0.872
2655	0.454
2656	0.354
2657	0.344
2658	0.955
2659	0.559
2660	1.114
2661	1.763
2662	0.561
2663	0.775
2664	1.346
2665	1.108
2666	1.22
2667	1.564
2668	0.667
2669	0.385
2670	0.412
2671	0.747
2672	0.339
2673	0.339
2674	0.422
2675	0.6
2676	0.47
2677	0.411
2678	0.649
2679	0.348
2680	0.687
2681	1.67
2682	1.485
2683	0.408
2684	0.799
2685	3.74
2686	1.347
2687	0.406
2688	0.861
2689	1.212
2690	1.337
2691	1.34
2692	0.456
2693	0.354
2694	0.344
2695	0.536
2696	0.34
2697	0.597
2698	0.337
2699	0.498
2700	0.449
2701	0.404
2702	0.331
2703	0.389
2704	0.858
2705	0.462
2706	0.407
2707	0.405
2708	0.928
2709	0.802
2710	0.948
2711	1.348
2712	1.091
2713	0.529
2714	0.371
2715	0.703
2716	7.388
2717	1.494
2718	0.667
2719	0.346
2720	0.6
2721	0.479
2722	0.471
2723	1.175
2724	0.482
2725	0.801
2726	0.451
2727	0.642
2728	0.393
2729	0.557
2730	1.214
2731	1.565
2732	1.538
2733	1.864
2734	0.654
2735	0.495
2736	0.352
2737	0.926
2738	1.238
2739	0.506
2740	0.482
2741	0.607
2742	4.332
2743	0.731
2744	1.501
2745	1.114
2746	0.88
2747	0.863
2748	1.163
2749	1.23
2750	0.93
2751	0.645
2752	0.811
2753	0.706
2754	4.912
2755	0.47
2756	0.763
2757	0.566
2758	0.347
2759	0.432
2760	0.337
2761	0.748
2762	0.497
2763	0.809
2764	0.778
2765	3.119
2766	2.945
2767	1.159
2768	0.442
2769	0.339
2770	0.332
2771	0.326
2772	0.324
2773	0.627
2774	0.347
2775	5.62
2776	0.536
2777	1.666
2778	0.785
2779	0.732
2780	1.497
2781	0.351
2782	0.74
2783	1.717
2784	1.84
2785	0.548
2786	0.584
2787	0.86
2788	0.639
2789	1.73
2790	1.386
2791	0.409
2792	0.722
2793	0.354
2794	3.245
2795	1.283
2796	3.001
2797	0.878
2798	0.772
2799	0.333
2800	0.977
2801	2.198
2802	1.271
2803	0.468
2804	1.71
2805	0.745
2806	0.677
2807	0.351
2808	0.693
2809	0.683
2810	0.719
2811	0.401
2812	0.363
2813	0.359
2814	0.635
2815	0.903
2816	0.425
2817	0.341
2818	0.656
2819	0.337
2820	0.684
2821	0.759
2822	0.388
2823	0.331
2824	0.321
2825	0.309
2826	1.689
2827	1
2828	0.644
2829	1.76
2830	2.658
2831	0.753
2832	0.412
2833	0.368
2834	1.282
2835	1.537
2836	0.673
2837	0.324
2838	0.327
2839	0.617
2840	0.318
2841	0.775
2842	0.436
2843	0.326
2844	0.712
2845	0.976
2846	1.817
2847	1.225
2848	0.43
2849	0.648
2850	0.645
2851	0.51
2852	0.412
2853	0.911
2854	1.096
2855	3.31
2856	1.343
2857	0.408
2858	2.103
2859	0.495
2860	0.944
2861	1.516
2862	0.473
2863	0.353
2864	0.359
2865	6.701
2866	0.371
2867	0.413
2868	0.342
2869	0.518
2870	0.34
2871	0.785
2872	1.261
2873	1.701
2874	0.485
2875	0.635
2876	1.528
2877	1.006
2878	1.11
2879	1.657
2880	1.101
2881	0.505
2882	0.365
2883	0.536
2884	0.771
2885	0.448
2886	0.334
2887	0.319
2888	0.324
2889	0.316
2890	0.853
2891	0.435
2892	0.687
2893	1.016
2894	0.661
2895	0.455
2896	1.023
2897	1.391
2898	0.94
2899	0.758
2900	0.65
2901	0.782
2902	0.758
2903	1.242
2904	2.488
2905	1.669
2906	0.432
2907	0.35
2908	0.702
2909	0.842
2910	1.58
2911	1.091
2912	1.047
2913	0.63
2914	1.39
2915	0.712
2916	0.714
2917	0.355
2918	0.704
2919	0.893
2920	0.353
2921	0.344
2922	0.585
2923	1.878
2924	1.309
2925	1.034
2926	0.497
2927	0.373
2928	1.19
2929	0.74
2930	1.209
2931	0.975
2932	1.153
2933	1.135
2934	1.177
2935	0.577
2936	0.35
2937	0.34
2938	0.435
2939	0.409
2940	0.671
2941	0.737
2942	0.448
2943	0.353
2944	1.521
2945	1.514
2946	0.368
2947	0.835
2948	1.515
2949	1.583
2950	0.706
2951	0.605
2952	1.715
2953	1.402
2954	0.757
2955	0.897
2956	0.387
2957	1.664
2958	0.542
2959	0.523
2960	0.73
2961	0.355
2962	0.414
2963	0.337
2964	0.331
2965	0.619
2966	0.339
2967	0.469
2968	2.165
2969	0.752
2970	1.055
2971	1.156
2972	1.168
2973	1.715
2974	0.545
2975	0.36
2976	0.736
2977	0.957
2978	0.416
2979	0.338
2980	0.738
2981	0.4
2982	1.297
2983	0.65
2984	1.027
2985	1.518
2986	0.632
2987	0.452
2988	1.241
2989	1.461
2990	0.906
2991	0.344
2992	0.34
2993	0.83
2994	1.11
2995	0.754
2996	0.575
2997	1.032
2998	1.496
2999	0.874
3000	1.012
3001	2.23
3002	0.76
3003	0.948
3004	0.985
3005	1.325
3006	0.894
3007	0.853
3008	0.362
3009	0.468
3010	0.524
3011	1.022
3012	0.702
3013	0.682
3014	0.531
3015	0.342
3016	0.502
3017	1.765
3018	1.868
3019	1.248
3020	1.435
3021	0.683
3022	1.745
3023	0.868
3024	1.26
3025	1.36
3026	1.093
3027	0.597
3028	1.069
3029	0.466
3030	0.666
3031	0.356
3032	0.7
3033	1.773
3034	0.909
3035	0.75
3036	0.756
3037	0.349
3038	0.34
3039	0.59
3040	1.067
3041	0.663
3042	0.766
3043	0.635
3044	0.694
3045	0.433
3046	1.036
3047	2.461
3048	0.52
3049	0.483
3050	0.371
3051	0.659
3052	0.568
3053	0.822
3054	0.621
3055	0.684
3056	0.339
3057	0.335
3058	0.766
3059	0.814
3060	0.913
3061	0.855
3062	0.805
3063	0.762
3064	0.422
3065	0.828
3066	0.516
3067	1.372
3068	0.725
3069	0.905
3070	0.775
3071	0.981
3072	0.496
3073	1.958
3074	0.922
3075	1.747
3076	0.7
3077	1.039
3078	0.47
3079	0.567
3080	2.003
3081	0.537
3082	0.71
3083	1.265
3084	1.801
3085	1.316
3086	0.602
3087	0.856
3088	0.658
3089	0.553
3090	0.367
3091	0.821
3092	0.365
3093	0.526
3094	0.764
3095	0.69
3096	1.527
3097	1.246
3098	0.765
3099	1.132
3100	1.928
3101	1.259
3102	0.651
3103	0.85
3104	1.535
3105	1.106
3106	0.865
3107	0.689
3108	0.621
3109	0.915
3110	0.59
3111	0.411
3112	0.965
3113	0.924
3114	1.117
3115	1.22
3116	1.932
3117	1.08
3118	0.616
3119	0.81
3120	0.712
3121	0.894
3122	1.253
3123	1.202
3124	0.441
3125	1.103
3126	1.12
3127	1.269
3128	0.488
3129	0.453
3130	0.962
3131	0.661
3132	1.153
3133	0.926
3134	0.638
3135	0.58
3136	0.587
3137	0.788
3138	0.742
3139	0.615
3140	0.406
3141	0.725
3142	0.804
3143	0.339
3144	0.695
3145	0.35
3146	0.647
3147	1.644
3148	0.67
3149	0.841
3150	1.81
3151	0.953
3152	0.818
3153	1.22
3154	0.908
3155	0.533
3156	0.752
3157	1.069
3158	0.984
3159	0.685
3160	0.344
3161	0.346
3162	0.525
3163	0.443
3164	0.411
3165	1.356
3166	0.565
3167	0.357
3168	0.607
3169	0.343
3170	1.156
3171	0.78
3172	0.409
3173	0.847
3174	0.348
3175	0.334
3176	0.784
3177	0.337
3178	0.869
3179	0.954
3180	0.654
3181	0.71
3182	1.238
3183	0.408
3184	0.462
3185	0.722
3186	0.665
3187	1.551
3188	1.19
3189	0.949
3190	0.348
3191	0.796
3192	0.43
3193	0.518
3194	0.34
3195	0.339
3196	0.411
3197	0.84
3198	0.757
3199	0.434
3200	1.091
3201	0.616
3202	1.198
3203	0.535
3204	0.433
3205	0.428
3206	0.71
3207	0.976
3208	0.521
3209	0.753
3210	0.374
3211	0.86
3212	0.468
3213	0.354
3214	0.704
3215	0.745
3216	1.299
3217	1.172
3218	1.733
3219	0.91
3220	1.91
3221	1.069
3222	1.178
3223	1.033
3224	0.456
3225	0.44
3226	0.491
3227	0.536
3228	0.336
3229	0.614
3230	0.599
3231	0.335
3232	0.708
3233	1.759
3234	0.718
3235	0.584
3236	0.692
3237	2.157
3238	1.708
3239	1.566
3240	2.24
3241	1.243
3242	0.637
3243	0.728
3244	0.341
3245	0.86
3246	1.923
3247	0.791
3248	0.417
3249	0.761
3250	1.399
3251	0.728
3252	0.35
3253	0.484
3254	0.343
3255	1.057
3256	0.714
3257	0.912
3258	2.06
3259	0.786
3260	1.298
3261	0.783
3262	1.878
3263	0.431
3264	0.361
3265	0.366
3266	0.355
3267	0.354
3268	0.366
3269	0.944
3270	0.497
3271	1.122
3272	4.719
3273	1.018
3274	0.652
3275	0.814
3276	0.927
3277	0.342
3278	0.334
3279	0.336
3280	0.651
3281	0.803
3282	0.611
3283	2.429
3284	0.733
3285	0.947
3286	1.038
3287	0.483
3288	0.584
3289	0.457
3290	0.657
3291	0.348
3292	0.9
3293	1.809
3294	0.534
3295	1.228
3296	1.234
3297	1.004
3298	0.375
3299	0.72
3300	0.637
3301	0.342
3302	0.335
3303	0.333
3304	0.335
3305	0.525
3306	1.015
3307	0.491
3308	1.982
3309	1.427
3310	0.698
3311	0.87
3312	0.706
3313	5.221
3314	1.099
3315	0.347
3316	0.96
3317	0.827
3318	0.673
3319	0.346
3320	0.337
3321	0.34
3322	0.691
3323	0.899
3324	0.648
3325	0.354
3326	1.237
3327	0.897
3328	0.748
3329	0.511
3330	0.837
3331	1.821
3332	1.268
3333	0.852
3334	0.633
3335	0.526
3336	0.375
3337	7.321
3338	0.412
3339	0.75
3340	0.552
3341	0.386
3342	0.642
3343	0.338
3344	0.82
3345	0.451
3346	1.019
3347	0.948
3348	0.671
3349	0.663
3350	0.407
3351	0.612
3352	0.622
3353	0.59
3354	0.654
3355	1.039
3356	0.361
3357	0.678
3358	0.57
3359	0.981
3360	0.796
3361	0.627
3362	1.034
3363	1.601
3364	1.016
3365	1.134
3366	1.509
3367	0.709
3368	0.347
3369	1.362
3370	0.468
3371	0.557
3372	0.935
3373	0.371
3374	0.372
3375	0.614
3376	0.337
3377	0.395
3378	1.004
3379	0.895
3380	0.345
3381	1.182
3382	5.946
3383	0.786
3384	0.411
3385	0.637
3386	1.058
3387	0.447
3388	0.555
3389	0.508
3390	0.343
3391	0.67
3392	0.55
3393	0.876
3394	0.737
3395	1.45
3396	1.168
3397	0.832
3398	0.552
3399	0.341
3400	0.543
3401	0.936
3402	0.637
3403	0.657
3404	0.362
3405	0.36
3406	0.794
3407	1.057
3408	1.283
3409	0.651
3410	0.797
3411	0.811
3412	0.39
3413	0.552
3414	0.601
3415	1.243
3416	0.835
3417	0.661
3418	0.775
3419	0.723
3420	0.382
3421	0.542
3422	1.353
3423	1.843
3424	0.411
3425	0.681
3426	1.487
3427	0.704
3428	0.417
3429	0.731
3430	0.772
3431	0.346
3432	0.738
3433	0.725
3434	0.576
3435	0.975
3436	0.35
3437	0.338
3438	0.37
3439	0.335
3440	0.334
3441	0.766
3442	1.961
3443	0.404
3444	1.008
3445	0.898
3446	0.554
3447	0.344
3448	0.806
3449	0.707
3450	0.708
3451	0.619
3452	1.137
3453	0.588
3454	0.398
3455	0.692
3456	0.548
3457	0.336
3458	0.624
3459	0.66
3460	0.873
3461	0.482
3462	0.939
3463	0.611
3464	0.467
3465	0.503
3466	1.261
3467	1.005
3468	0.464
3469	0.337
3470	0.619
3471	0.378
3472	0.335
3473	0.333
3474	0.333
3475	0.346
3476	0.75
3477	0.899
3478	0.429
3479	1.441
3480	0.977
3481	0.998
3482	0.903
3483	1.124
3484	0.461
3485	0.838
3486	2.122
3487	1.003
3488	0.929
3489	0.96
3490	1.188
3491	0.671
3492	0.339
3493	0.687
3494	0.925
3495	0.528
3496	0.517
3497	1.168
3498	0.948
3499	0.606
3500	1.863
3501	0.918
3502	1.28
3503	1.029
3504	0.372
3505	0.348
3506	0.318
3507	0.429
3508	0.325
3509	0.323
3510	0.316
3511	0.572
3512	0.875
3513	0.769
3514	1.173
3515	0.573
3516	0.367
3517	1.315
3518	1.129
3519	0.693
3520	0.623
3521	0.549
3522	0.483
3523	0.636
3524	0.688
3525	1.342
3526	0.911
3527	0.916
3528	0.501
3529	0.731
3530	0.655
3531	1.109
3532	1.667
3533	2.187
3534	0.939
3535	1.151
3536	0.462
3537	0.362
3538	0.371
3539	0.931
3540	1.963
3541	0.402
3542	0.343
3543	0.546
3544	0.337
3545	0.338
3546	0.342
3547	0.332
3548	0.59
3549	0.452
3550	1.324
3551	0.675
3552	0.394
3553	0.342
3554	0.338
3555	0.76
3556	1.307
3557	0.636
3558	0.454
3559	0.42
3560	0.548
3561	0.346
3562	0.714
3563	2.456
3564	1.374
3565	0.67
3566	0.353
3567	0.666
3568	0.363
3569	0.423
3570	0.967
3571	1.241
3572	1.33
3573	0.675
3574	0.348
3575	0.83
3576	0.737
3577	0.943
3578	0.373
3579	0.488
3580	0.329
3581	0.888
3582	0.956
3583	0.931
3584	0.802
3585	0.6
3586	3.517
3587	2.491
3588	0.573
3589	0.821
3590	0.828
3591	0.64
3592	0.57
3593	0.342
3594	0.333
3595	0.906
3596	0.695
3597	0.499
3598	4.021
3599	1.342
3600	1.004
3601	0.345
3602	1.728
3603	0.886
3604	0.381
3605	0.756
3606	0.693
3607	2.323
3608	0.576
3609	0.351
3610	0.333
3611	0.33
3612	0.327
3613	0.691
3614	0.968
3615	0.816
3616	0.867
3617	1.662
3618	1.368
3619	0.727
3620	0.703
3621	0.986
3622	0.985
3623	0.855
3624	0.705
3625	1.201
3626	1.062
3627	0.355
3628	3.993
3629	0.541
3630	0.666
3631	0.454
3632	0.343
3633	0.799
3634	1.088
3635	0.72
3636	0.849
3637	2.047
3638	1.734
3639	0.642
3640	0.653
3641	1.258
3642	0.775
3643	1.382
3644	0.504
3645	0.367
3646	0.475
3647	0.35
3648	0.34
3649	0.639
3650	1.582
3651	2.285
3652	8.75
3653	0.579
3654	0.415
3655	0.481
3656	0.998
3657	0.502
3658	0.596
3659	0.746
3660	0.575
3661	0.381
3662	0.347
3663	0.615
3664	0.584
3665	0.336
3666	0.668
3667	0.758
3668	1.041
3669	0.55
3670	8.088
3671	1.035
3672	1.047
3673	0.355
3674	0.343
3675	1.347
3676	0.493
3677	0.37
3678	0.341
3679	0.652
3680	0.383
3681	0.517
3682	0.583
3683	1.409
3684	0.585
3685	1.275
3686	1.149
3687	0.61
3688	0.358
3689	0.344
3690	0.603
3691	0.555
3692	0.338
3693	0.644
3694	0.665
3695	0.337
3696	0.773
3697	0.702
3698	0.341
3699	0.329
3700	1.772
3701	0.555
3702	0.35
3703	0.486
3704	1.297
3705	0.406
3706	0.96
3707	0.761
3708	0.568
3709	0.402
3710	0.338
3711	0.552
3712	0.729
3713	0.579
3714	1.434
3715	0.676
3716	0.448
3717	0.823
3718	0.41
3719	0.382
3720	0.374
3721	2.188
3722	0.467
3723	0.935
3724	0.524
3725	1.066
3726	0.764
3727	0.643
3728	0.913
3729	1.008
3730	1.031
3731	0.529
3732	0.564
3733	1.194
3734	0.717
3735	0.95
3736	1.28
3737	0.405
3738	0.364
3739	0.358
3740	0.939
3741	0.535
3742	0.33
3743	1.001
3744	0.913
3745	0.667
3746	0.903
3747	2.56
3748	0.853
3749	0.812
3750	0.63
3751	0.343
3752	0.325
3753	0.528
3754	0.321
3755	0.322
3756	0.445
3757	0.664
3758	1.254
3759	1.029
3760	1.351
3761	1.373
3762	1.8
3763	0.792
3764	0.394
3765	2.21
3766	0.594
3767	0.379
3768	0.359
3769	0.4
3770	1.027
3771	0.906
3772	0.668
3773	0.35
3774	0.342
3775	0.547
3776	0.809
3777	0.527
3778	0.367
3779	0.743
3780	1.665
3781	0.833
3782	0.64
3783	0.908
3784	1.384
3785	1.063
3786	0.847
3787	2.499
3788	0.769
3789	0.563
3790	0.522
3791	1.329
3792	0.488
3793	0.355
3794	1.142
3795	0.489
3796	0.354
3797	0.344
3798	0.437
3799	1.158
3800	0.571
3801	0.439
3802	0.665
3803	0.787
3804	0.893
3805	0.702
3806	0.944
3807	0.989
3808	0.545
3809	0.572
3810	0.704
3811	0.333
3812	0.322
3813	0.519
3814	0.318
3815	0.531
3816	0.495
3817	0.338
3818	0.517
3819	0.331
3820	0.741
3821	0.718
3822	0.799
3823	1.038
3824	0.455
3825	0.472
3826	4.75
3827	0.697
3828	0.853
3829	0.599
3830	0.796
3831	1.328
3832	0.782
3833	1.681
3834	1.481
3835	1.329
3836	0.717
3837	1.191
3838	1.05
3839	0.933
3840	0.531
3841	0.591
3842	0.413
3843	0.75
3844	0.338
3845	1.128
3846	0.947
3847	0.584
3848	0.985
3849	0.927
3850	1.236
3851	0.967
3852	0.524
3853	1.736
3854	1.005
3855	0.47
3856	0.954
3857	0.572
3858	3.32
3859	1.049
3860	1.379
3861	1.334
3862	0.477
3863	0.582
3864	1.252
3865	0.534
3866	0.697
3867	0.352
3868	0.37
3869	0.339
3870	0.781
3871	1.61
3872	0.771
3873	0.638
3874	0.897
3875	2.678
3876	0.824
3877	0.984
3878	0.433
3879	1.103
3880	1.134
3881	0.363
3882	1.263
3883	0.628
3884	1.382
3885	0.461
3886	0.819
3887	0.426
3888	0.699
3889	0.911
3890	0.634
3891	0.855
3892	1.275
3893	1.468
3894	1.706
3895	0.654
3896	3.088
3897	0.832
3898	0.563
3899	0.388
3900	0.728
3901	0.38
3902	0.962
3903	0.43
3904	0.347
3905	0.729
3906	0.877
3907	0.345
3908	0.71
3909	0.819
3910	0.712
3911	0.614
3912	0.977
3913	0.408
3914	1.267
3915	0.358
3916	0.784
3917	0.759
3918	0.659
3919	0.745
3920	0.53
3921	0.539
3922	0.795
3923	0.483
3924	0.831
3925	2.29
3926	0.851
3927	0.74
3928	0.925
3929	0.354
3930	0.344
3931	0.338
3932	0.334
3933	0.613
3934	0.659
3935	0.788
3936	0.932
3937	0.861
3938	0.345
3939	0.359
3940	0.543
3941	0.554
3942	0.36
3943	0.342
3944	0.341
3945	0.527
3946	0.621
3947	0.335
3948	0.333
3949	1.027
3950	0.364
3951	0.497
3952	1.047
3953	0.747
3954	0.351
3955	0.348
3956	0.536
3957	0.532
3958	0.335
3959	0.79
3960	0.543
3961	0.469
3962	0.471
3963	0.465
3964	3.053
3965	0.785
3966	0.493
3967	0.577
3968	1.029
3969	0.488
3970	0.382
3971	0.448
3972	0.371
3973	1.488
3974	0.571
3975	0.354
3976	0.826
3977	0.798
3978	1.326
3979	0.906
3980	0.96
3981	0.544
3982	0.387
3983	0.966
3984	0.482
3985	0.682
3986	0.542
3987	0.416
3988	0.67
3989	1.575
3990	0.983
3991	1.045
3992	2.095
3993	0.97
3994	7.439
3995	0.784
3996	0.576
3997	0.353
3998	0.338
3999	0.334
4000	0.775
4001	0.385
4002	0.343
4003	0.366
4004	0.504
4005	0.43
4006	0.639
4007	0.341
4008	1.41
4009	0.812
4010	2.172
4011	0.955
4012	0.733
4013	4.485
4014	0.521
4015	0.385
4016	1.733
4017	1.254
4018	0.516
4019	0.421
4020	0.81
4021	1.713
4022	2.19
4023	0.994
4024	0.387
4025	0.547
4026	19.006
4027	2.326
4028	4.716
4029	0.668
4030	0.471
4031	1.242
4032	0.748
4033	0.638
4034	0.399
4035	0.74
4036	0.771
4037	0.81
4038	0.96
4039	2.33
4040	1.21
4041	0.874
4042	1.47
4043	1.537
4044	0.608
4045	2.62
4046	1.259
4047	0.595
4048	4.772
4049	0.678
4050	0.799
4051	14.427
4052	2.02
4053	1.105
4054	0.714
4055	1.398
4056	7.276
4057	1.493
4058	0.969
4059	0.48
4060	0.894
4061	0.598
4062	1.048
4063	0.86
4064	1.075
4065	0.611
4066	1.5
4067	0.476
4068	0.41
4069	0.415
4070	1.58
4071	0.806
4072	0.632
4073	0.391
4074	0.369
4075	0.365
4076	0.423
4077	0.373
4078	2.102
4079	1.312
4080	0.498
4081	1.712
4082	1.168
4083	1
4084	0.487
4085	0.368
4086	0.466
4087	0.487
4088	0.479
4089	0.349
4090	0.872
4091	0.349
4092	0.341
4093	0.781
4094	0.347
4095	0.355
4096	0.453
4097	0.874
4098	0.339
4099	2.247
4100	1.651
4101	1.109
4102	0.601
4103	1.347
4104	0.472
4105	0.523
4106	0.548
4107	0.714
4108	2.265
4109	0.771
4110	1.068
4111	1.195
4112	0.684
4113	0.363
4114	0.561
4115	0.497
4116	0.331
4117	0.859
4118	0.353
4119	0.348
4120	1.213
4121	1.062
4122	3.285
4123	3.85
4124	0.385
4125	0.836
4126	0.35
4127	0.34
4128	0.652
4129	0.341
4130	0.334
4131	0.332
4132	0.338
4133	0.444
4134	0.34
4135	1.3
4136	0.523
4137	0.359
4138	0.842
4139	0.348
4140	0.34
4141	0.914
4142	0.696
4143	0.701
4144	0.739
4145	0.667
4146	1.047
4147	0.726
4148	0.788
4149	0.346
4150	0.592
4151	1.911
4152	3.13
4153	1.185
4154	0.355
4155	0.349
4156	0.855
4157	1.251
4158	5.1
4159	0.351
4160	0.736
4161	1.215
4162	0.482
4163	1.229
4164	0.482
4165	1.2
4166	0.602
4167	0.404
4168	1.016
4169	2.052
4170	1.297
4171	0.443
4172	0.861
4173	2.593
4174	0.954
4175	0.353
4176	0.376
4177	0.721
4178	0.76
4179	0.378
4180	0.37
4181	0.511
4182	0.647
4183	1.299
4184	0.884
4185	0.61
4186	0.342
4187	0.344
4188	0.339
4189	0.334
4190	0.821
4191	2.735
4192	0.989
4193	1.771
4194	0.768
4195	0.731
4196	1.276
4197	6.628
4198	1.044
4199	0.357
4200	1.021
4201	0.624
4202	1.81
4203	0.584
4204	0.389
4205	0.668
4206	0.794
4207	0.395
4208	0.546
4209	0.39
4210	0.797
4211	1.696
4212	0.517
4213	0.37
4214	0.344
4215	0.401
4216	0.773
4217	0.334
4218	0.796
4219	0.55
4220	0.451
4221	2.262
4222	1.242
4223	0.734
4224	0.466
4225	1.037
4226	1.524
4227	2.842
4228	0.791
4229	0.826
4230	0.395
4231	2.838
4232	0.564
4233	0.746
4234	0.645
4235	1.292
4236	0.74
4237	2.061
4238	0.913
4239	2.568
4240	0.922
4241	1.285
4242	1.63
4243	0.876
4244	0.334
4245	0.743
4246	0.675
4247	0.371
4248	0.648
4249	0.72
4250	0.384
4251	0.704
4252	0.618
4253	0.85
4254	0.534
4255	1.17
4256	1.026
4257	0.618
4258	0.649
4259	0.885
4260	0.503
4261	1.307
4262	1.027
4263	0.373
4264	0.568
4265	0.352
4266	0.396
4267	0.672
4268	1.716
4269	5.473
4270	1.117
4271	0.55
4272	0.595
4273	0.588
4274	0.545
4275	0.673
4276	0.344
4277	0.343
4278	0.522
4279	1.953
4280	0.466
4281	0.352
4282	1.355
4283	0.423
4284	0.386
4285	0.617
4286	0.576
4287	1.93
4288	0.595
4289	0.385
4290	0.704
4291	0.497
4292	1.199
4293	1.156
4294	0.737
4295	1.901
4296	0.75
4297	4.239
4298	1.379
4299	0.859
4300	0.352
4301	0.844
4302	1.568
4303	0.707
4304	0.449
4305	1.412
4306	0.797
4307	0.572
4308	0.815
4309	0.354
4310	0.963
4311	1.161
4312	0.536
4313	1.296
4314	0.572
4315	0.562
4316	1.139
4317	1.077
4318	1.493
4319	0.568
4320	0.351
4321	0.329
4322	0.783
4323	2.286
4324	0.508
4325	1.182
4326	4.696
4327	0.636
4328	1.535
4329	0.509
4330	0.615
4331	0.364
4332	0.491
4333	0.676
4334	1.722
4335	0.599
4336	1.055
4337	0.447
4338	0.368
4339	0.963
4340	0.384
4341	0.892
4342	1.714
4343	1.057
4344	0.686
4345	0.652
4346	1.152
4347	1.018
4348	0.38
4349	0.96
4350	0.35
4351	0.348
4352	0.534
4353	0.342
4354	0.797
4355	0.714
4356	0.629
4357	0.511
4358	0.346
4359	0.631
4360	0.39
4361	0.356
4362	0.89
4363	0.726
4364	0.437
4365	2.276
4366	1.09
4367	2.297
4368	0.694
4369	0.63
4370	0.341
4371	0.833
4372	0.693
4373	0.358
4374	1.282
4375	0.869
4376	1.199
4377	0.641
4378	0.701
4379	0.354
4380	0.63
4381	0.679
4382	0.837
4383	0.7
4384	1.838
4385	0.816
4386	1.763
4387	0.676
4388	0.782
4389	1.135
4390	1.435
4391	0.722
4392	0.355
4393	0.807
4394	0.489
4395	0.799
4396	1.605
4397	0.614
4398	0.767
4399	1.114
4400	0.354
4401	1.096
4402	0.354
4403	0.336
4404	0.517
4405	0.523
4406	0.584
4407	0.487
4408	0.519
4409	0.337
4410	0.74
4411	2.063
4412	0.94
4413	1.32
4414	1.961
4415	0.911
4416	4.181
4417	1.021
4418	0.72
4419	0.386
4420	0.728
4421	0.341
4422	0.337
4423	1.172
4424	1.094
4425	1.211
4426	0.518
4427	0.93
4428	0.976
4429	0.34
4430	0.333
4431	0.895
4432	0.414
4433	0.383
4434	0.371
4435	0.443
4436	1.146
4437	0.495
4438	0.878
4439	0.87
4440	0.472
4441	0.908
4442	0.945
4443	0.616
4444	0.492
4445	3.112
4446	1.057
4447	0.673
4448	1.614
4449	0.682
4450	0.759
4451	0.434
4452	0.575
4453	0.326
4454	0.702
4455	0.483
4456	1.248
4457	0.992
4458	0.672
4459	1.602
4460	0.839
4461	0.445
4462	0.461
4463	1.85
4464	1.218
4465	0.454
4466	1.865
4467	2.07
4468	0.539
4469	0.378
4470	0.894
4471	0.623
4472	0.599
4473	0.809
4474	0.646
4475	0.605
4476	0.725
4477	0.42
4478	0.373
4479	0.469
4480	0.556
4481	0.726
4482	1.059
4483	0.937
4484	0.904
4485	0.365
4486	1.324
4487	0.888
4488	0.496
4489	0.354
4490	0.338
4491	1.604
4492	1.361
4493	0.729
4494	1.023
4495	1.288
4496	1.017
4497	1.146
4498	0.48
4499	1.401
4500	1.762
4501	1.092
4502	1.075
4503	0.637
4504	0.855
4505	0.373
4506	0.363
4507	0.364
4508	0.574
4509	0.365
4510	1.26
4511	0.688
4512	0.854
4513	0.341
4514	1.325
4515	0.709
4516	0.349
4517	0.345
4518	0.447
4519	1.157
4520	1.644
4521	1.193
4522	1.132
4523	0.993
4524	1.261
4525	0.753
4526	0.355
4527	0.512
4528	0.702
4529	0.545
4530	0.976
4531	0.337
4532	1.428
4533	0.374
4534	0.344
4535	0.888
4536	1.463
4537	0.705
4538	1.109
4539	1.208
4540	0.645
4541	0.537
4542	0.412
4543	0.712
4544	1.033
4545	1.062
4546	0.577
4547	2.696
4548	1.364
4549	0.45
4550	0.366
4551	0.361
4552	0.509
4553	0.481
4554	0.563
4555	0.396
4556	0.478
4557	0.854
4558	0.444
4559	0.916
4560	0.453
4561	0.793
4562	1.368
4563	0.689
4564	0.415
4565	0.655
4566	0.351
4567	0.561
4568	0.745
4569	0.837
4570	1.338
4571	1.352
4572	2.821
4573	1.079
4574	0.422
4575	0.747
4576	0.928
4577	4.611
4578	1.237
4579	0.713
4580	0.838
4581	0.496
4582	0.603
4583	0.435
4584	0.374
4585	0.343
4586	0.334
4587	1.26
4588	0.943
4589	0.836
4590	0.499
4591	0.526
4592	0.728
4593	2.789
4594	0.556
4595	0.382
4596	0.711
4597	1.577
4598	1.347
4599	0.696
4600	0.426
4601	0.401
4602	0.394
4603	0.682
4604	0.935
4605	1.69
4606	1.276
4607	0.817
4608	0.343
4609	0.828
4610	0.421
4611	0.34
4612	0.484
4613	0.33
4614	0.615
4615	0.334
4616	0.326
4617	0.328
4618	0.349
4619	0.845
4620	0.333
4621	0.557
4622	0.617
4623	0.334
4624	0.462
4625	0.324
4626	0.325
4627	0.635
4628	0.488
4629	0.332
4630	1.088
4631	0.418
4632	0.582
4633	1.517
4634	0.349
4635	0.341
4636	0.34
4637	0.607
4638	0.634
4639	1.147
4640	0.964
4641	0.378
4642	1.549
4643	0.707
4644	0.554
4645	0.356
4646	0.553
4647	0.773
4648	0.884
4649	0.794
4650	0.326
4651	0.321
4652	0.695
4653	0.342
4654	0.484
4655	0.325
4656	0.512
4657	0.386
4658	0.81
4659	0.713
4660	1.42
4661	0.488
4662	0.589
4663	1.169
4664	0.497
4665	0.531
4666	0.571
4667	0.497
4668	0.33
4669	1.357
4670	0.57
4671	0.372
4672	1.528
4673	3.629
4674	0.693
4675	0.929
4676	0.602
4677	0.456
4678	0.343
4679	0.34
4680	1.172
4681	1.202
4682	0.895
4683	0.414
4684	0.388
4685	0.377
4686	0.93
4687	0.936
4688	0.406
4689	0.4
4690	0.392
4691	0.397
4692	1.726
4693	0.844
4694	0.739
4695	1.736
4696	0.363
4697	0.521
4698	1.083
4699	0.418
4700	0.344
4701	0.704
4702	0.968
4703	3.86
4704	4.286
4705	1.042
4706	0.527
4707	0.343
4708	0.841
4709	1.158
4710	1.208
4711	0.609
4712	1.072
4713	0.609
4714	1.236
4715	0.872
4716	0.835
4717	0.631
4718	0.64
4719	0.666
4720	2.007
4721	0.664
4722	0.549
4723	0.773
4724	1.476
4725	1.22
4726	0.46
4727	0.733
4728	0.93
4729	0.333
4730	1.21
4731	1.144
4732	0.983
4733	2.146
4734	0.687
4735	0.458
4736	1.002
4737	0.833
4738	8.142
4739	0.978
4740	0.478
4741	0.377
4742	1.23
4743	0.908
4744	0.423
4745	0.366
4746	0.462
4747	0.351
4748	0.575
4749	0.523
4750	0.509
4751	0.604
4752	0.33
4753	0.318
4754	0.322
4755	0.5
4756	0.329
4757	0.322
4758	0.935
4759	1.12
4760	0.868
4761	0.465
4762	0.41
4763	0.357
4764	0.461
4765	0.769
4766	0.331
4767	4.491
4768	1.751
4769	1.024
4770	0.531
4771	0.723
4772	0.391
4773	1.786
4774	0.88
4775	1.738
4776	1.36
4777	2.088
4778	0.375
4779	0.449
4780	0.347
4781	0.549
4782	0.344
4783	0.428
4784	0.471
4785	0.343
4786	0.354
4787	0.482
4788	0.32
4789	5.15
4790	0.888
4791	0.417
4792	1.076
4793	0.804
4794	0.64
4795	0.358
4796	0.931
4797	0.666
4798	0.417
4799	0.567
4800	0.488
4801	0.603
4802	1.16
4803	1.578
4804	0.904
4805	1.136
4806	2.674
4807	1.587
4808	1.083
4809	0.627
4810	0.352
4811	1.129
4812	1.178
4813	0.992
4814	1.654
4815	0.425
4816	0.375
4817	0.43
4818	0.578
4819	1.583
4820	2.062
4821	0.764
4822	0.617
4823	0.526
4824	0.845
4825	1.239
4826	1.072
4827	0.584
4828	0.33
4829	0.529
4830	0.327
4831	0.493
4832	0.581
4833	0.524
4834	1.055
4835	0.912
4836	0.717
4837	0.348
4838	0.335
4839	0.318
4840	0.319
4841	1.061
4842	0.77
4843	0.759
4844	0.485
4845	0.332
4846	0.944
4847	1.761
4848	0.699
4849	0.912
4850	0.881
4851	0.422
4852	0.377
4853	0.729
4854	1.785
4855	0.628
4856	0.662
4857	0.357
4858	0.503
4859	0.757
4860	1.249
4861	0.451
4862	0.363
4863	0.451
4864	0.381
4865	0.357
4866	0.398
4867	0.761
4868	0.495
4869	0.623
4870	0.639
4871	0.349
4872	0.334
4873	0.554
4874	0.34
4875	0.337
4876	0.752
4877	0.942
4878	0.395
4879	0.368
4880	0.755
4881	1.055
4882	0.609
4883	1.114
4884	0.939
4885	0.801
4886	0.9
4887	0.346
4888	0.912
4889	0.347
4890	0.51
4891	0.393
4892	0.441
4893	0.813
4894	0.35
4895	0.997
4896	0.464
4897	0.723
4898	0.804
4899	1.017
4900	0.328
4901	0.871
4902	0.584
4903	0.374
4904	0.884
4905	0.696
4906	0.553
4907	0.341
4908	0.343
4909	0.334
4910	0.393
4911	0.381
4912	0.445
4913	0.467
4914	0.341
4915	0.331
4916	0.332
4917	0.635
4918	0.794
4919	0.646
4920	1.452
4921	1.767
4922	0.406
4923	0.582
4924	1.568
4925	1.283
4926	0.917
4927	1.196
4928	0.916
4929	0.392
4930	0.372
4931	1.072
4932	0.355
4933	0.335
4934	0.34
4935	0.555
4936	0.943
4937	1.087
4938	0.542
4939	0.79
4940	1.221
4941	0.676
4942	0.377
4943	0.708
4944	0.988
4945	0.678
4946	0.624
4947	0.588
4948	0.396
4949	0.381
4950	1.726
4951	0.63
4952	0.753
4953	1.505
4954	0.749
4955	0.736
4956	0.557
4957	0.441
4958	0.426
4959	0.885
4960	0.84
4961	0.599
4962	0.477
4963	0.747
4964	1.054
4965	0.982
4966	0.903
4967	0.684
4968	1
4969	0.551
4970	0.864
4971	0.539
4972	0.396
4973	0.891
4974	1.032
4975	1.154
4976	0.81
4977	0.542
4978	1.006
4979	1.053
4980	1.6
4981	0.506
4982	1.31
4983	1.307
4984	0.448
4985	0.42
4986	0.543
4987	0.344
4988	0.752
4989	0.342
4990	0.55
4991	0.338
4992	0.4
4993	0.341
4994	0.555
4995	0.465
4996	0.334
4997	0.807
4998	0.99
4999	0.833
